<?xml version="1.0"?>
<opencv_storage>
    <imagelist>
        "./../../img/2016-05-14-013225_1.jpg"
        "./../../img/2016-05-14-013104_1.jpg"
        "./../../img/2016-05-14-013225_2.jpg"
        "./../../img/2016-05-14-013104_2.jpg"
        "./../../img/2016-05-14-013225_3.jpg"
        "./../../img/2016-05-14-013104_3.jpg"
        "./../../img/2016-05-14-013225_4.jpg"
        "./../../img/2016-05-14-013104_4.jpg"
        "./../../img/2016-05-14-013225_5.jpg"
        "./../../img/2016-05-14-013104_5.jpg"
        "./../../img/2016-05-14-013225_6.jpg"
        "./../../img/2016-05-14-013104_6.jpg"
        "./../../img/2016-05-14-013225_7.jpg"
        "./../../img/2016-05-14-013104_7.jpg"
        "./../../img/2016-05-14-013225_8.jpg"
        "./../../img/2016-05-14-013104_8.jpg"
        "./../../img/2016-05-14-013225_9.jpg"
        "./../../img/2016-05-14-013104_9.jpg"
        "./../../img/2016-05-14-013225_10.jpg"
        "./../../img/2016-05-14-013104_10.jpg"
    </imagelist>
</opencv_storage>
